amb_space 10


inequalities 171

-4 1 1 1 1 1 1 1 1 1
0 0 0 0 0 0 0 0 0 1
-2 -2 -2 3 3 3 3 3 3 -2
4 -1 -1 -1 -1 -1 -1 4 4 4
-2 -2 -2 -2 8 3 3 3 3 3
-2 -2 -2 3 3 -2 8 3 3 3
-2 -2 3 -2 3 -2 3 8 3 3
-2 3 -2 -2 3 -2 3 3 8 3
3 -2 -2 -2 3 -2 3 3 3 8
-2 -2 3 3 -2 -2 3 3 8 3
-2 -2 3 -2 3 3 -2 3 8 3
-2 -2 -2 3 3 3 3 -2 8 3
-1 0 0 0 1 0 1 1 1 0
0 -1 1 0 0 0 0 1 1 1
0 -1 0 1 0 0 1 0 1 1
0 -1 0 0 1 1 0 0 1 1
0 -1 0 0 1 0 1 1 0 1
0 0 -1 0 1 0 1 0 1 1
0 0 0 -1 1 0 0 1 1 1
0 0 0 0 0 -1 1 1 1 1
-3 -3 -3 2 7 2 7 2 7 2
-3 -3 2 -3 7 2 2 7 7 2
2 -3 -3 -3 7 2 2 2 7 7
-3 -3 2 2 2 -3 7 7 7 2
2 -3 -3 2 2 -3 7 2 7 7
2 -3 2 -3 2 -3 2 7 7 7
6 1 1 -4 -4 -4 1 6 11 11
6 -4 1 1 1 -4 -4 6 11 11
-6 -6 -1 9 9 4 4 4 9 -1
-6 -6 -1 4 9 9 9 4 4 -1
-6 -6 -1 -1 14 9 9 4 4 4
-6 -6 -1 9 9 4 4 -1 14 4
4 -6 4 -6 4 -1 -1 14 9 9
4 -6 -1 -6 9 4 4 -1 14 9
-1 -6 4 -6 9 4 -1 14 9 4
4 -1 -6 -6 9 4 -1 4 14 9
4 -1 -6 -6 9 4 4 -1 9 14
-6 4 -1 -1 4 -6 14 9 9 4
-6 -1 4 4 -1 -6 14 9 9 4
4 -6 4 -1 -1 -6 4 14 9 9
-1 -6 4 -1 4 -6 14 9 9 4
-1 -6 4 4 -1 -6 9 14 9 4
4 -1 -6 4 -1 -6 9 4 14 9
4 -1 -1 -6 4 -6 4 14 9 9
4 -1 -1 -6 4 -6 9 4 14 9
-8 -3 7 2 2 -3 12 12 7 2
2 -8 7 2 2 -3 -3 7 12 12
-3 -8 2 -3 12 2 12 7 7 2
-3 -8 2 -3 12 7 2 12 7 2
2 -3 -8 -3 12 7 2 2 12 7
-3 -8 2 7 2 -3 12 12 7 2
-3 -8 7 2 2 -3 12 7 12 2
2 -3 -8 7 2 -3 12 2 12 7
-3 -3 -8 2 12 2 12 7 7 2
-3 -3 -8 2 12 7 7 2 12 2
-3 -3 -8 7 7 2 12 2 12 2
2 -3 -3 -8 12 2 7 2 12 7
2 -3 -3 -8 12 7 2 2 7 12
2 -3 -3 -8 12 2 7 7 2 12
2 2 2 -3 -3 -8 7 7 12 12
-8 -8 2 -3 17 2 17 12 7 7
2 -8 -8 -3 17 7 7 2 17 12
2 -8 -8 7 7 -3 17 2 17 12
2 -8 7 -8 7 -3 2 17 17 12
2 -8 7 -8 7 2 -3 17 12 17
-8 -3 -8 2 17 2 17 12 7 7
-8 -3 2 -8 17 7 2 17 12 7
-8 -3 2 7 2 -8 17 17 12 7
-8 -3 -8 2 17 12 7 2 17 7
-8 -3 7 2 2 -8 17 12 17 7
-8 -3 -8 12 7 2 17 2 17 7
-8 2 -3 -8 17 2 7 17 12 7
-8 2 -3 2 7 -8 17 17 12 7
-8 2 -3 -8 17 2 12 7 17 7
2 -8 -3 -8 17 2 12 7 7 17
2 -8 -3 -8 17 7 2 7 17 12
2 -8 -3 7 2 -8 17 7 17 12
2 -8 7 -3 2 -8 7 17 17 12
2 -8 -3 -8 17 7 7 2 12 17
-8 2 2 -3 7 -8 17 12 17 7
2 -8 2 -3 7 -8 17 12 7 17
2 -8 7 2 -3 -8 7 17 12 17
-3 -8 -8 2 17 2 17 7 12 7
-3 -8 2 -8 17 2 7 17 12 7
-3 -8 2 2 7 -8 17 17 12 7
-3 -8 -8 2 17 7 12 2 17 7
-3 -8 2 -8 17 7 2 12 17 7
-3 -8 2 7 2 -8 17 12 17 7
-3 -8 -8 7 12 2 17 2 17 7
-3 -8 7 -8 12 2 2 17 17 7
-3 -8 7 2 2 -8 12 17 17 7
2 -3 -8 -8 17 2 7 7 17 12
2 -3 -8 2 7 -8 17 7 17 12
2 -3 2 -8 7 -8 7 17 17 12
2 -3 -8 -8 17 2 7 12 7 17
2 -3 -8 2 7 -8 17 12 7 17
2 -3 -8 -8 17 7 2 7 12 17
2 -3 -8 7 2 -8 17 7 12 17
2 2 -3 -8 7 -8 7 17 12 17
2 2 -3 -8 7 -8 12 7 17 17
6 -9 6 -4 1 -4 1 16 16 11
6 -9 6 1 -4 -4 1 16 11 16
6 -9 6 -4 1 1 -4 16 11 16
6 -9 6 1 -4 1 -4 11 16 16
6 -4 1 -9 6 -4 1 16 16 11
6 1 -4 -9 6 -4 1 16 11 16
6 -4 1 -9 6 1 -4 16 11 16
6 1 -4 -9 6 1 -4 11 16 16
-4 -4 6 1 1 -9 16 16 11 6
6 -4 -4 -9 11 6 1 1 16 16
6 -4 1 -4 1 -9 6 16 16 11
6 1 -4 -4 1 -9 6 16 11 16
6 1 -4 -4 1 -9 11 6 16 16
6 -4 1 1 -4 -9 6 16 11 16
6 1 -4 1 -4 -9 6 11 16 16
-8 -8 -3 2 17 12 7 12 7 2
-8 -8 -3 12 7 2 17 12 7 2
-8 -8 -3 12 7 12 7 2 17 2
-8 -8 2 -3 17 7 12 12 7 2
-8 -8 7 7 2 -3 17 12 12 2
-8 -3 -8 2 17 12 7 7 12 2
-8 -3 -8 2 17 7 12 12 7 2
-8 -3 -8 12 7 2 17 7 12 2
-8 -3 -8 7 12 2 17 12 7 2
-8 -3 -8 12 7 7 12 2 17 2
-8 -3 -8 7 12 12 7 2 17 2
-3 -8 -8 2 17 7 12 7 12 2
-3 -8 -8 7 12 2 17 7 12 2
-3 -8 -8 7 12 7 12 2 17 2
2 -3 -8 -8 17 7 7 2 12 12
6 -9 6 1 -4 1 -4 16 11 11
6 -9 6 1 1 -4 -4 11 16 11
-4 -9 -4 1 16 11 11 6 6 1
-4 -9 -4 11 11 6 6 1 16 1
6 1 -4 -9 6 1 -4 16 11 11
-4 -4 -9 1 16 11 6 11 6 1
-4 -4 -9 11 6 1 16 11 6 1
-4 -4 -9 11 6 11 6 1 16 1
6 1 -4 1 -4 -9 6 16 11 11
6 1 1 -4 -4 -9 6 11 16 11
-4 -9 -9 1 21 16 11 11 6 1
-4 -9 -9 16 11 11 6 1 21 1
8 -12 8 3 -2 -2 -7 18 18 13
8 3 -2 -2 -7 -12 8 18 18 13
8 -12 8 3 -2 -2 -7 13 23 18
-2 -7 8 3 -2 -12 23 18 13 8
8 -2 -7 -12 13 8 3 -2 23 18
8 3 -2 -7 -2 -12 13 8 23 18
8 3 -2 -2 -7 -12 8 13 23 18
-8 -13 -3 2 22 17 12 12 7 2
-8 -13 -3 17 12 12 7 2 22 2
-8 -13 2 -3 22 12 17 12 7 2
-8 -13 12 7 2 -3 22 17 12 2
2 -3 -8 -13 22 12 7 2 17 12
-6 -11 -16 24 19 14 9 -1 34 4
-6 -11 -16 -1 34 24 19 14 9 4
2 -4 3 1 0 -1 -2 6 5 4
2 1 0 -1 -2 -4 3 6 5 4
14 -16 9 4 -1 -6 -11 29 24 19
-6 -11 -16 4 29 24 19 14 9 -1
-6 -11 -16 24 19 14 9 4 29 -1
14 4 -1 -6 -11 -16 9 29 24 19
1 -1 0 0 0 0 0 0 0 0
0 1 -1 0 0 0 0 0 0 0
0 0 1 -1 0 0 0 0 0 0
0 0 0 1 -1 0 0 0 0 0
0 0 0 0 1 -1 0 0 0 0
0 0 0 0 0 1 -1 0 0 0
0 0 0 0 0 0 1 -1 0 0
0 0 0 0 0 0 0 1 -1 0
0 0 0 0 0 0 0 0 1 -1
