amb_space 10


inequalities 135

-3 1 1 1 1 1 1 1 1 1
0 0 0 0 0 0 0 0 0 1
-1 -1 -1 3 1 1 1 1 1 1
-1 -1 1 1 -1 3 1 1 1 1
-1 1 -1 1 -1 1 3 1 1 1
1 -1 -1 1 -1 1 1 3 1 1
-1 1 1 -1 -1 1 1 3 1 1
-1 1 -1 1 1 -1 1 3 1 1
-1 -1 1 1 1 1 -1 3 1 1
-1 -1 1 1 1 1 1 1 -1 3
-1 -1 -1 3 -1 3 3 3 -1 3
-1 1 0 0 0 0 1 1 1 1
-1 0 1 0 0 1 0 1 1 1
-1 0 0 1 1 0 0 1 1 1
-1 0 0 1 0 1 1 0 1 1
0 -1 0 1 0 1 0 1 1 1
0 0 -1 1 0 0 1 1 1 1
0 0 0 0 -1 1 1 1 1 1
-3 -3 1 5 1 5 1 5 1 5
-3 1 -3 5 1 1 5 5 1 5
-3 1 1 1 -3 5 5 5 1 5
-5 -1 -1 7 -1 7 7 3 3 3
-1 -5 -1 7 -1 7 3 7 3 3
-1 -1 -5 7 -1 3 7 7 3 3
-1 -1 -1 3 -5 7 7 7 3 3
-1 1 0 0 -1 2 2 1 0 2
-7 1 -3 9 1 9 5 5 1 9
-7 1 -3 9 5 1 9 5 1 9
-7 1 5 1 -3 9 9 5 1 9
-7 5 1 1 -3 9 5 9 1 9
-3 -7 1 9 1 9 1 9 5 5
-3 1 -7 9 1 1 9 9 5 5
-3 1 1 1 -7 9 9 9 5 5
-3 -7 1 9 1 9 5 5 1 9
-3 -7 1 9 5 5 1 9 1 9
-3 -7 5 5 1 9 1 9 1 9
-3 -1 -1 5 3 3 1 1 1 3
-3 -1 -1 5 1 3 3 3 1 1
-3 -1 1 3 -1 5 3 3 1 1
-3 3 1 -1 -1 1 5 3 3 1
-3 1 -1 3 -1 5 3 1 3 1
-3 1 -1 3 -1 3 5 3 1 1
-3 -1 3 3 1 1 -1 5 1 3
-3 3 -1 1 1 -1 5 3 3 1
-3 -1 3 3 1 1 1 3 -1 5
-3 -1 1 3 3 3 1 1 -1 5
1 -1 -3 3 -1 1 5 3 3 1
-1 1 -3 3 1 -1 5 3 3 1
-1 1 -1 1 -3 5 3 3 3 1
1 -1 -1 1 -3 5 3 3 1 3
1 -1 -1 1 -3 3 5 3 3 1
-1 1 1 -1 -3 5 3 3 1 3
-1 1 1 -1 -3 3 5 3 3 1
-5 -1 -5 11 -1 11 7 7 3 3
-1 -5 -5 11 -1 7 11 7 3 3
-1 -5 -1 7 -5 11 11 7 3 3
-1 -1 -5 7 -5 11 7 11 3 3
-2 -1 0 3 0 3 2 1 2 1
-2 -1 0 3 2 1 0 3 2 1
-2 -1 2 1 0 3 0 3 2 1
-2 2 -1 1 0 0 3 3 2 1
-2 -1 0 3 2 1 2 1 0 3
-2 -1 2 1 0 3 2 1 0 3
-2 -1 2 1 2 1 0 3 0 3
-2 0 -1 3 0 3 2 1 1 2
-2 0 -1 3 0 2 3 1 2 1
-2 0 -1 3 2 0 1 3 2 1
0 -2 -1 3 0 2 1 3 2 1
-2 0 -1 3 1 2 2 1 0 3
-2 1 1 0 -1 3 2 2 0 3
-2 0 0 2 -1 3 3 1 2 1
-2 0 2 0 -1 3 1 3 2 1
-2 2 0 0 -1 1 3 3 2 1
0 -2 0 2 -1 3 1 3 2 1
0 0 -2 2 -1 1 3 3 2 1
-1 -2 0 3 0 3 2 1 1 2
-1 -2 0 3 0 3 1 2 2 1
-1 0 -2 3 0 1 3 2 2 1
-1 0 0 1 -2 3 3 2 2 1
-1 0 -2 3 1 0 3 2 1 2
-1 0 1 0 -2 3 3 2 1 2
-1 -2 0 3 2 1 0 3 1 2
-1 -2 0 3 1 2 0 3 2 1
-1 0 -2 3 1 0 2 3 2 1
-1 0 1 0 -2 3 2 3 2 1
-1 1 0 0 -2 3 2 3 1 2
-1 -2 2 1 0 3 0 3 1 2
-1 -2 1 2 0 3 0 3 2 1
-1 1 -2 2 0 0 3 3 2 1
-1 1 0 0 -2 2 3 3 2 1
-1 -2 0 3 2 1 1 2 0 3
-1 -2 0 3 1 2 2 1 0 3
-1 -2 2 1 0 3 1 2 0 3
-1 -2 1 2 0 3 2 1 0 3
-1 -2 2 1 1 2 0 3 0 3
-1 -2 1 2 2 1 0 3 0 3
0 -1 -2 3 0 1 3 2 1 2
0 -1 0 1 -2 3 3 2 1 2
0 -1 -2 3 0 2 1 3 1 2
0 -1 -2 3 0 1 2 3 2 1
0 -1 0 1 -2 3 2 3 2 1
0 0 -1 1 -2 3 2 3 1 2
0 0 -1 1 -2 2 3 3 2 1
-3 -1 0 4 0 4 3 2 2 1
-3 -1 0 4 3 2 2 1 0 4
-3 -1 3 2 2 1 0 4 0 4
-3 0 -1 4 0 4 3 2 1 2
-3 0 -1 4 0 3 4 2 2 1
-3 0 -1 4 2 3 2 1 0 4
-3 2 1 0 -1 4 3 2 0 4
-3 0 0 3 -1 4 4 2 2 1
-1 1 0 0 -3 4 4 3 2 2
0 0 -1 1 -3 4 4 3 2 2
-1 -1 -2 4 0 3 3 2 1 1
0 -1 -1 2 -2 4 3 3 1 1
-9 -1 -5 15 -1 15 11 7 7 3
-1 -5 -9 15 -1 7 15 11 7 3
-1 -5 -1 7 -9 15 15 11 7 3
-1 -1 -5 7 -9 15 15 11 3 7
-1 -1 -5 7 -9 15 11 15 7 3
-2 -1 -3 6 0 5 4 3 2 1
0 -2 -1 3 -3 6 5 4 2 1
-1 -2 -3 6 0 5 4 3 1 2
-1 -2 -3 6 0 4 5 3 2 1
0 -1 -2 3 -3 6 5 4 1 2
0 -1 -2 3 -3 6 4 5 2 1
1 -1 0 0 0 0 0 0 0 0
0 1 -1 0 0 0 0 0 0 0
0 0 1 -1 0 0 0 0 0 0
0 0 0 1 -1 0 0 0 0 0
0 0 0 0 1 -1 0 0 0 0
0 0 0 0 0 1 -1 0 0 0
0 0 0 0 0 0 1 -1 0 0
0 0 0 0 0 0 0 1 -1 0
0 0 0 0 0 0 0 0 1 -1
